0,456
0,386
33,52
33,51
33,50
33,49
33,48
33,47
33,46
33,45
33,44
33,43
33,42
33,41
33,40
33,39
33,38
33,37
33,36
33,35
34,3
34,2
0,9
34,1
34,0
10,313
10,233
10,303
10,23
10,13
10,187
10,215
10,285
11,22
11,19
11,12
11,8
11,21
11,30
11,28
9,5
8,18
8,7
8,5
8,6
8,9
31,6
31,5
31,4
31,3
31,2
31,1
31,0
30,3
30,2
30,1
30,0
29,5
29,4
29,3
29,2
29,1
29,0
28,4
28,3
28,2
28,1
28,0
27,4
27,3
27,2
27,1
27,0
25,3
25,2
25,1
20,3
20,2
20,1
19,3
19,2
19,1
12,3
12,2
12,1
11,29
11,20
11,14
11,11
11,7
11,5
11,4
11,3
11,2
11,1
10,294
10,266
10,244
